120.071
118.988
120.651
120.659
117.883
120.166
120.606
119.533
120.51
117.909
119.381
120.608
119.992
119.878
117.522
121.348
120.582
117.542
120.24
120.579
120.193
118.976
120.522
121.264
118.395
119.456
119.745
120.54
119.467
117.462
119.563
116.957
120.932
118.725
119.122
118.89
119.903
118.203
120.307
120.555
118.14
120.864
120.932
120.038
120.569
118.465
119.135
120.918
119.819
120.788
119.029
120.888
120.993
119.746
118.849
118.112
119.262
118.36
120.378
121.433
119.235
120.297
119.638
120.812
119.761
118.716
119.603
118.889
119.052
118.571
119.167
119.045
120.256
118.635
119.725
120.2
117.866
121.05
120.848
119.73
121.298
119.183
120.231
119.489
121.696
120.09
116.806
120.703
120.464
118.203
119.225
119.002
119.194
119.19
120.028
119.036
120.781
118.797
119.166
120.399
119.518
119.526
118.218
116.345
123.139
117.968
118.775
119.232
120.034
118.311
120.279
120.949
117.769
122.28
116.347
119.274
120.627
117.705
120.207
120.122
120.232
118.773
117.794
121.428
120.573
117.407
119.782
120.625
120.318
119.388
121.508
120.847
118.222
119.609
119.795
120.478
119.188
118.079
119.182
117.007
120.942
118.716
119.288
119.211
120.14
118.493
120.227
120.181
117.564
120.477
120.124
119.591
120.533
118.324
119.381
120.672
120.79
119.508
117.387
121.704
120.369
118.549
118.777
120.273
121.563
119.521
120.769
121.34
120.283
120.317
120.268
119.242
120.383
118.154
119.421
119.677
119.949
118.114
119.294
119.194
120.321
118.798
120.326
120.947
117.876
122.243
116.948
118.024
120.196
119.05
118.598
120.005
120.167
117.765
118.166
121.334
120.422
118.158
118.759
119.433
119.13
119.035
119.252
120.423
118.988
120.179
119.644
121.219
119.95
118.811
119.427
118.127
119.771
118.951
118.301
118.904
120.154
118.003
120.406
120.659
118.283
122.622
117.939
117.845
120.46
116.888
119.143
121.01
119.556
119.431
119.338
120.532
120.451
118.691
118.713
121.215
120.421
119.072
120.604
120.977
118.133
119.213
119.587
120.061
120.15
119.276
118.766
117.941
120.691
119.539
119.12
119.292
120.327
119.049
120.387
120.321
117.704
119.812
120.452
119.321
120.475
118.097
118.745
120.862
119.701
119.326
118.652
117.457
119.665
117.762
118.628
118.822
119.333
119.186
121.294
119.477
121.845
119.32
119.772
121.139
119.876
117.706
118.957
119.462
119.307
117.746
119.066
119.388
120.294
118.396
120.713
120.508
118.315
121.331
121.118
119.392
120.924
117.309
119.547
120.907
120.476
120.549
118.863
118.818
119.784
117.296
120.439
121.172
119.078
118.743
119.545
121.238
118.661
119.65
119.86
121.5
119.498
118.536
119.469
117.956
120.501
118.881
119.447
118.993
120.038
119.202
120.55
120.927
117.716
122.5
117.814
118.125
120.173
117.807
119.772
120.381
119.852
116.387
119.36
121.365
120.881
119.235
118.871
120.971
120.269
119.449
120.791
118.319
119.625
118.59
120.105
121.718
120.023
118.698
119.035
117.298
120.395
119.007
118.875
119.08
120.114
118.328
119.612
119.819
117.755
119.392
120.247
119.956
120.968
117.312
121.662
118.293
121.077
120.414
116.841
121.167
120.046
118.134
118.05
119.383
118.843
118.988
121.15
119.574
121.42
117.436
119.894
118.249
118.048
117.291
117.324
117.363
121.464
119.5
119.808
119.156
120.449
115.234
120.465
120.48
118.102
120.058
119.993
118.938
120.816
118.046
121.353
117.848
120.445
117.428
117.829
123.163
120.436
118.935
119.388
120.335
120.571
118.889
121.126
119.939
119.196
121.333
120.088
117.805
120.594
120.112
117.408
118.57
120.605
119.152
119.599
118.715
119.96
117.986
120.612
120.726
118.425
121.313
120.631
119.799
120.614
118.043
119.609
120.58
119.425
119.701
117.337
119.627
121.283
115.68
121.829
117.515
118.428
118.419
120.244
120.914
120.455
119.937
119.456
120.058
118.143
117.943
119.827
116.86
119.898
119.043
119.269
118.736
120.325
117.735
120.92
121.017
117.763
121.363
120.898
120.62
121.048
119.161
120.574
119.422
122.264
118.845
116.839
120.397
120.32
117.158
121.19
120.371
121.242
119.853
120.063
118.967
115.076
119.696
120.269
120.711
119.435
118.071
119.408
115.587
121.348
119.183
119.516
118.849
120.11
118.221
120.0
120.043
117.027
122.13
120.467
120.4
121.008
118.928
120.65
120.033
121.905
118.238
116.714
120.26
121.23
120.072
118.228
120.146
121.599
118.841
121.072
119.996
119.566
120.526
120.102
118.786
119.196
119.053
119.736
117.234
119.353
118.323
118.389
119.206
121.552
121.363
121.655
121.524
121.264
121.381
121.432
121.401
121.495
121.182
121.398
121.53
121.595
121.075
121.417
121.578
121.067
121.069
121.427
121.382
121.587
121.507
121.669
121.423
121.693
121.578
121.245
121.644
121.407
121.565
121.633
121.711
121.46
121.572
121.302
121.592
121.39
120.898
121.48
121.332
121.438
121.391
121.584
121.543
121.445
121.55
120.954
119.286
119.955
119.173
119.134
119.36
119.083
119.422
119.088
119.539
117.89
119.395
119.317
119.914
118.962
119.3
119.214
119.214
119.761
118.243
119.131
118.792
119.536
118.941
119.619
119.193
119.469
119.337
118.965
119.25
119.351
119.191
119.191
119.098
119.184
119.346
118.629
119.252
119.242
119.25
119.041
118.876
118.727
119.16
119.105
119.041
119.203
119.299
118.974
119.38
119.014
119.017
119.635
119.096
118.929
119.36
119.51
118.851
119.11
119.172
119.368
119.364
119.226
119.208
119.347
119.388
119.587
119.124
118.955
118.977
119.156
119.152
119.245
119.423
119.627
118.958
119.44
119.563
118.778
119.503
119.365
119.175
119.964
118.313
119.763
118.447
119.637
118.884
119.48
119.434
119.28
118.504
119.755
118.792
119.147
118.935
119.347
120.456
118.967
119.066
119.176
119.663
119.343
118.963
119.25
119.125
119.308
119.838
119.073
119.103
119.174
119.206
119.257
119.296
119.004
119.272
119.677
118.881
119.113
118.693
118.847
118.321
118.87
119.361
119.523
119.367
119.481
118.985
119.347
120.015
118.878
119.583
119.178
119.407
119.441
119.797
118.262
119.772
119.358
118.617
119.236
119.787
119.129
119.37
119.059
119.431
118.914
118.961
119.003
118.338
120.375
119.487
119.781
119.641
119.19
119.41
119.293
119.891
118.715
118.574
118.711
119.25
119.114
119.706
119.445
119.261
119.313
118.368
119.051
119.03
119.258
119.147
119.136
119.265
119.085
119.14
119.032
119.074
119.272
119.071
119.452
119.322
119.326
119.285
119.152
118.96
119.268
119.132
119.206
119.004
119.1
119.494
119.559
118.778
119.604
119.505
118.914
119.03
119.386
119.467
119.79
119.425
119.081
119.891
118.888
119.467
119.059
118.985
119.215
119.171
119.064
119.115
119.407
119.72
118.815
119.39
119.365
119.188
119.295
119.043
119.369
119.246
118.628
119.63
118.608
119.831
119.012
119.289
119.356
119.131
118.629
119.824
119.273
119.079
119.061
119.128
120.538
118.959
119.413
118.842
120.327
118.847
119.09
119.296
119.282
119.275
119.952
119.094
118.94
119.202
118.911
119.537
119.103
119.086
118.984
119.389
119.364
119.182
119.52
119.22
119.131
118.514
119.123
119.581
119.794
119.275
119.041
119.396
120.003
118.865
119.499
119.368
119.454
119.671
119.405
118.413
118.56
119.772
118.123
119.206
119.888
119.212
119.111
119.172
119.509
118.933
118.984
118.972
118.527
120.459
119.838
119.676
119.634
119.412
118.973
119.774
119.577
118.402
119.48
118.989
119.64
118.562
119.653
118.536
118.858
118.892
119.266
119.267
119.328
119.042
119.093
119.048
119.305
118.982
119.004
119.063
118.939
118.663
118.923
119.229
119.155
119.179
119.172
119.106
119.133
119.218
119.38
119.123
119.26
118.575
119.887
119.175
118.705
119.704
119.621
118.963
118.901
119.27
119.106
119.228
119.125
119.209
119.281
119.448
119.61
118.776
118.946
119.061
119.275
119.011
118.996
119.547
119.838
118.806
119.294
119.449
119.211
119.064
118.971
119.622
119.178
118.836
119.876
118.183
119.692
119.049
119.35
119.427
119.164
118.709
119.858
118.854
119.163
119.435
119.275
120.522
119.028
119.316
119.003
119.802
119.146
119.195
118.958
119.066
119.223
119.734
119.154
119.035
119.088
119.285
119.199
119.256
119.158
119.074
119.394
119.101
119.212
118.749
119.715
117.921
118.785
119.392
119.687
119.365
119.613
118.884
119.545
119.926
118.489
119.538
119.551
119.288
120.183
118.85
117.992
118.529
119.539
118.568
119.166
119.872
119.157
119.124
119.172
119.364
119.209
119.099
119.278
117.698
118.509
119.223
119.318
119.599
119.511
119.267
119.681
119.565
118.406
118.663
118.79
118.947
119.385
119.554
119.409
119.01
119.051
119.083
119.203
118.993
119.299
119.136
119.212
119.204
119.077
119.118
119.212
119.076
119.113
118.817
119.378
119.017
119.175
119.193
118.884
118.883
119.59
119.137
119.333
118.912
119.169
119.449
119.344
119.089
119.159
119.22
118.858
119.1
119.22
119.292
119.284
119.151
119.223
119.386
119.363
119.488
118.971
119.008
119.051
119.16
119.116
119.18
119.569
119.818
118.749
119.22
119.424
119.058
119.119
119.238
119.146
119.419
118.687
119.55
118.617
119.716
118.91
119.311
119.311
119.326
118.75
119.758
119.787
119.049
119.301
118.848
120.304
119.052
119.331
118.823
120.242
118.901
118.958
119.203
119.114
119.161
119.687
119.206
119.199
119.245
119.256
119.053
119.441
118.958
119.413
119.55
118.997
119.196
119.429
119.393
119.122
119.069
119.142
119.388
119.357
119.604
119.009
119.452
119.959
118.519
119.867
119.896
119.23
119.774
119.516
118.943
119.277
119.778
118.142
119.182
119.928
119.106
118.957
119.134
119.124
119.505
119.137
119.496
117.941
119.15
119.14
119.685
119.366
119.571
119.084
119.816
119.242
118.764
119.662
119.075
119.683
119.574
119.577
119.146
119.363
119.187
119.114
119.239
119.158
119.308
119.102
119.205
119.187
119.072
119.035
119.16
119.001
119.088
118.832
119.112
118.726
119.296
118.988
119.244
119.32
119.427
119.047
119.296
118.984
118.885
119.448
119.224
118.967
119.455
119.524
118.863
119.073
119.192
119.553
119.376
119.111
119.231
119.281
119.33
119.466
119.134
119.078
119.076
119.129
119.152
119.377
119.389
119.656
118.912
119.177
119.234
119.059
119.392
119.829
119.072
120.24
118.142
119.995
118.421
119.65
118.881
119.735
118.492
118.35
118.831
120.018
119.663
119.143
119.236
118.719
120.592
118.912
119.103
118.975
119.867
119.243
118.935
119.137
119.228
119.125
119.878
119.317
119.251
119.11
119.021
119.229
119.123
119.059
118.989
119.461
119.182
119.188
119.58
119.513
119.021
119.112
119.209
119.432
119.4
119.722
118.668
119.638
120.079
118.432
119.592
119.766
119.254
119.872
119.528
118.574
119.388
119.568
117.965
119.326
119.878
119.115
119.31
118.994
120.079
117.469
120.513
119.135
119.127
120.707
119.008
120.429
120.032
120.098
119.058
119.908
119.457
118.386
119.308
118.877
119.343
118.891
119.365
119.323
119.02
119.031
118.375
119.376
119.049
119.248
119.164
119.255
119.5
119.204
119.002
118.936
118.708
119.224
118.992
119.091
118.935
119.153
118.924
119.109
119.275
119.593
119.124
119.274
119.145
118.871
119.653
119.325
118.66
119.506
119.644
118.891
119.175
119.241
119.382
119.345
119.159
119.267
119.657
119.023
119.47
118.991
119.022
119.079
119.147
119.087
119.396
119.438
119.688
118.971
119.23
119.454
119.175
119.124
119.797
119.135
120.104
118.239
119.967
118.574
119.524
119.381
119.026
119.177
119.321
118.874
119.753
119.173
119.065
119.316
119.35
120.235
119.063
119.07
118.797
119.779
119.142
118.466
118.996
119.262
119.269
119.868
119.16
119.075
119.214
119.158
119.423
119.154
119.333
119.179
119.225
119.347
119.146
119.243
119.47
119.271
119.396
119.19
119.403
119.319
119.492
118.947
119.455
120.049
118.758
119.44
119.258
119.233
119.786
119.124
119.405
119.143
119.556
119.242
119.18
119.815
118.998
118.91
119.352
119.079
119.194
118.998
119.658
118.17
119.04
118.988
120.213
119.561
119.041
119.225
119.881
119.574
118.013
119.532
118.625
119.851
118.934
119.397
119.266
119.232
118.96
119.176
119.219
119.103
119.122
119.237
119.212
119.153
119.127
119.079
119.256
119.198
119.211
119.07
119.094
119.259
119.19
119.035
118.948
118.953
119.389
119.224
119.297
119.013
118.917
119.693
119.287
118.923
119.554
119.62
119.062
119.035
119.3
119.331
119.111
119.131
119.078
119.195
119.322
119.529
119.058
118.961
118.913
119.138
119.243
119.265
119.57
119.629
118.879
119.227
119.477
119.281
119.142
119.035
119.184
119.411
118.802
119.262
118.67
119.694
119.118
119.3
119.249
119.095
118.755
119.868
119.195
119.086
119.394
119.023
120.231
118.851
119.417
118.785
120.226
118.977
118.921
119.303
119.132
119.157
119.779
119.243
119.152
119.199
119.118
119.206
119.351
119.158
119.275
119.108
119.172
119.32
118.873
119.77
118.0
118.735
119.212
119.56
119.429
119.633
118.948
119.447
119.974
118.727
119.121
119.561
119.46
119.996
119.164
117.87
118.339
120.043
118.584
119.309
119.909
119.214
119.059
119.501
119.187
119.081
118.987
119.494
118.029
119.013
119.052
120.267
119.148
119.456
119.202
119.202
119.84
118.409
119.471
118.772
119.478
118.766
119.729
119.371
118.95
118.839
119.019
119.281
119.093
119.322
119.078
119.245
119.304
119.192
119.095
119.276
119.177
118.962
118.985
119.048
118.666
119.164
119.145
119.044
119.342
119.403
118.936
119.406
119.056
118.934
119.57
119.314
118.867
119.564
119.644
118.988
119.007
119.376
119.379
119.36
119.075
119.231
119.187
119.277
119.539
119.008
118.957
118.997
119.197
119.166
119.234
119.351
119.551
118.982
119.391
119.412
118.873
119.407
119.135
119.125
119.697
118.626
119.751
118.366
119.718
119.036
119.327
119.382
119.229
118.879
119.882
119.246
119.005
119.325
119.145
120.198
118.913
119.292
119.241
119.926
119.323
118.934
119.286
119.274
119.109
119.888
119.186
119.321
119.165
119.159
119.179
119.281
118.795
118.963
119.891
118.488
119.136
118.564
118.913
117.644
118.81
119.005
119.578
119.433
119.622
119.02
119.407
120.061
118.776
119.457
119.308
119.211
119.762
119.797
117.549
119.046
119.526
118.196
119.184
119.777
118.985
119.097
119.288
119.117
119.176
119.165
119.594
118.058
119.118
119.085
120.229
119.528
119.255
119.16
119.804
119.688
118.099
119.709
118.637
119.771
118.806
119.729
119.088
119.252
118.972
119.167
119.162
119.124
119.168
119.138
119.348
119.246
119.205
119.115
119.064
119.216
119.11
118.997
119.097
118.901
119.097
118.937
119.248
119.353
119.211
119.106
119.455
118.883
119.036
119.406
119.35
118.988
119.34
119.413
118.93
118.995
119.179
119.377
119.179
119.051
119.243
119.283
119.226
119.551
119.0
118.998
118.928
119.182
119.335
119.342
119.15
119.619
118.72
119.636
119.28
119.057
119.032
119.958
119.245
119.923
118.399
119.399
118.794
119.694
118.885
119.527
118.618
118.136
118.725
120.076
119.444
118.868
119.27
118.969
120.206
118.747
119.174
119.111
119.801
119.29
118.871
119.445
119.181
119.151
119.928
119.166
119.14
119.154
119.151
119.083
119.461
118.644
119.286
119.436
119.002
119.244
119.018
119.671
117.836
118.592
119.247
119.516
119.474
119.646
118.859
119.64
119.926
118.537
119.441
119.589
119.175
119.926
119.262
117.669
118.713
119.571
118.482
119.156
119.863
119.282
119.016
119.496
119.065
119.216
119.027
119.728
118.147
118.967
118.813
120.426
119.335
119.154
119.277
119.361
119.929
118.461
118.72
118.764
119.341
118.881
119.748
119.301
119.231
119.262
119.113
119.193
119.147
119.202
119.15
119.284
119.158
119.187
119.188
119.26
119.114
119.438
119.054
119.376
119.306
119.131
119.034
118.974
119.157
119.254
119.175
119.22
119.137
118.908
119.574
119.624
118.828
119.622
119.651
119.094
119.132
119.31
119.019
118.986
119.143
119.207
119.242
119.381
119.467
119.079
118.999
119.077
119.223
119.065
119.212
119.494
119.704
118.828
119.657
119.315
119.146
119.07
119.232
119.39
118.97
118.467
119.518
118.376
119.606
119.182
119.354
119.349
119.183
118.803
119.854
119.172
119.073
119.031
119.116
120.371
118.915
119.192
119.164
119.91
119.161
119.073
119.17
119.23
119.192
119.781
119.021
119.154
119.036
119.181
119.191
119.33
119.168
119.255
119.313
119.044
119.218
118.892
119.658
117.654
118.587
119.255
119.578
119.608
119.507
118.925
119.376
120.024
118.93
119.596
119.337
119.348
119.762
119.266
117.921
118.397
120.01
118.495
